0
11111
10001
10001
10001
10101
10001
10001
10001
11111
1
01100
00100
00100
00100
00100
00100
00100
00100
11111
2
11111
00001
00001
00001
11111
10000
10000
10000
11111
3
11111
00001
00001
00001
01111
00001
00001
00001
11111
4
00001
00011
00101
01001
11111
00001
00001
00001
00001
5
11111
10000
10000
10000
11110
00001
00001
00001
11110
6
11110
10000
10000
10000
11111
10001
10001
10001
11111
7
11111
00001
00001
00001
00001
00001
00001
00001
00001
8
11111
10001
10001
10001
11111
10001
10001
10001
11111
9
11111
10001
10001
10001
11111
00001
00001
00001
00001
